####################
#Sets#
####################
# 
set REGION := RE1;
set TECHNOLOGY := MINCOAH MINCOALI MINGAS RSCHYD RSCWNDS RSCWNDO RSCSOLU RSCSOLS MINUR RSCWST RSCBIO PWRCHP PWRCOAH PWRCOALI PWRGAS PWRHYD PWRSOLU PWRSOLS PWRWNDS PWRWNDO PWRNUC PWRWST PWRBIO PWRTRN ;
set COMMODITY := SOLU ELC001 ELC002 COALI COAH GAS HYD SOLS WST URA BIO WNDS WNDO ;
set EMISSION := CO2_EQ ;
set STORAGE := PHBATT ;
set YEAR := 2023 2024 2025 2026 2027 2028 2029 2030 2031 2032 2033 2034 2035 2036 2037 2038 2039 2040 2041 2042 2043 2044 2045 2046 2047 2048 2049 2050 ;
set SEASON := 1 2 3 4 ;
set DAYTYPE := 1 ;
set DAILYTIMEBRACKET := 1 2 ;
set TIMESLICE := SD SN VD VN HD HN WD WN ;
set MODE_OF_OPERATION := 1 2 ;
set STORAGEINTRADAY := ;
set STORAGEINTRAYEAR := PHBATT ;
set UDC := RE_Target ;
####################
#Parameters#
####################
param TradeRoute  default 0 := 
; 
 
param Conversionls default 0 : 
1 2 3 4 :=
SD 0 0 1 0 
SN 0 0 1 0 
VD 0 1 0 0 
VN 0 1 0 0 
HD 0 0 0 1 
HN 0 0 0 1 
WD 1 0 0 0 
WN 1 0 0 0 
;

param Conversionld default 0 : 
1 :=
SD 1 
SN 1 
VD 1 
VN 1 
HD 1 
HN 1 
WD 1 
WN 1 
;

param Conversionlh default 0 : 
1 2 :=
SD 1 0 
SN 0 1 
VD 1 0 
VN 0 1 
HD 1 0 
HN 0 1 
WD 1 0 
WN 0 1 
;

param UDCTag default -1 : 
RE_Target :=
RE1 0 
;
param DiscountRate default 0.05 := 
RE1 0.05 
; 
param DiscountRateIdv default 0.05 : 
MINCOAH MINCOALI MINGAS RSCHYD RSCWNDS RSCWNDO RSCSOLU RSCSOLS MINUR RSCWST RSCBIO PWRCHP PWRCOAH PWRCOALI PWRGAS PWRHYD PWRSOLU PWRSOLS PWRWNDS PWRWNDO PWRNUC PWRWST PWRBIO PWRTRN :=
RE1 0.05 0.05 0.05 0.05 0.05 0.05 0.05 0.05 0.05 0.05 0.05 0.05 0.05 0.05 0.05 0.05 0.05 0.05 0.05 0.05 0.05 0.05 0.05 0.05 
;
param CapacityToActivityUnit default 1 : 
MINCOAH MINCOALI MINGAS RSCHYD RSCWNDS RSCWNDO RSCSOLU RSCSOLS MINUR RSCWST RSCBIO PWRCHP PWRCOAH PWRCOALI PWRGAS PWRHYD PWRSOLU PWRSOLS PWRWNDS PWRWNDO PWRNUC PWRWST PWRBIO PWRTRN :=
RE1 1 1 1 1 1 1 1 1 1 1 1 31.53 31.53 31.53 31.53 31.53 31.53 31.53 31.53 31.53 31.53 31.53 31.53 31.53 
;
param OperationalLife default 1 : 
MINCOAH MINCOALI MINGAS RSCHYD RSCWNDS RSCWNDO RSCSOLU RSCSOLS MINUR RSCWST RSCBIO PWRCHP PWRCOAH PWRCOALI PWRGAS PWRHYD PWRSOLU PWRSOLS PWRWNDS PWRWNDO PWRNUC PWRWST PWRBIO PWRTRN :=
RE1 30 30 30 100 30 30 30 30 30 30 20 60 25 20 20 50 25 25 25 30 60 25 25 40 
;
param TotalTechnologyModelPeriodActivityLowerLimit default 0 : 
MINCOAH MINCOALI MINGAS RSCHYD RSCWNDS RSCWNDO RSCSOLU RSCSOLS MINUR RSCWST RSCBIO PWRCHP PWRCOAH PWRCOALI PWRGAS PWRHYD PWRSOLU PWRSOLS PWRWNDS PWRWNDO PWRNUC PWRWST PWRBIO PWRTRN :=
RE1 0 0 0 0 0 0 0 0 0 0 0 0 0 0 0 0 0 0 0 0 0 0 0 0 
;
param TotalTechnologyModelPeriodActivityUpperLimit default 999999 : 
MINCOAH MINCOALI MINGAS RSCHYD RSCWNDS RSCWNDO RSCSOLU RSCSOLS MINUR RSCWST RSCBIO PWRCHP PWRCOAH PWRCOALI PWRGAS PWRHYD PWRSOLU PWRSOLS PWRWNDS PWRWNDO PWRNUC PWRWST PWRBIO PWRTRN :=
RE1 999999 999999 999999 999999 999999 999999 999999 999999 999999 999999 999999 999999 999999 999999 999999 999999 999999 999999 999999 999999 999999 999999 999999 999999 
;
param ModelPeriodEmissionLimit default 999999 : 
CO2_EQ :=
RE1 99999999 
;
param UDCConstant default 0 := 
[RE1,*,*]: 
2023 2024 2025 2026 2027 2028 2029 2030 2031 2032 2033 2034 2035 2036 2037 2038 2039 2040 2041 2042 2043 2044 2045 2046 2047 2048 2049 2050 :=
RE_Target 0 0 0 0 0 0 0 0 0 0 0 0 0 0 0 0 0 0 0 0 0 0 0 0 0 0 0 0 
;
param UDCMultiplierTotalCapacity default 0 := 
;
param UDCMultiplierNewCapacity default 0 := 
;
param UDCMultiplierActivity default 0 := 
[RE1,PWRCHP,*,*]:
2023 2024 2025 2026 2027 2028 2029 2030 2031 2032 2033 2034 2035 2036 2037 2038 2039 2040 2041 2042 2043 2044 2045 2046 2047 2048 2049 2050 :=
RE_Target 0 0 0 0 0 0 0 0.499 0.499 0.499 0.499 0.499 0.499 0.499 0.499 0.499 0.499 0.59 0.59 0.59 0.59 0.59 0.59 0.59 0.59 0.59 0.59 0.68 
[RE1,PWRCOAH,*,*]:
2023 2024 2025 2026 2027 2028 2029 2030 2031 2032 2033 2034 2035 2036 2037 2038 2039 2040 2041 2042 2043 2044 2045 2046 2047 2048 2049 2050 :=
RE_Target 0 0 0 0 0 0 0 0.499 0.499 0.499 0.499 0.499 0.499 0.499 0.499 0.499 0.499 0.59 0.59 0.59 0.59 0.59 0.59 0.59 0.59 0.59 0.59 0.68 
[RE1,PWRCOALI,*,*]:
2023 2024 2025 2026 2027 2028 2029 2030 2031 2032 2033 2034 2035 2036 2037 2038 2039 2040 2041 2042 2043 2044 2045 2046 2047 2048 2049 2050 :=
RE_Target 0 0 0 0 0 0 0 0.499 0.499 0.499 0.499 0.499 0.499 0.499 0.499 0.499 0.499 0.59 0.59 0.59 0.59 0.59 0.59 0.59 0.59 0.59 0.59 0.68 
[RE1,PWRGAS,*,*]:
2023 2024 2025 2026 2027 2028 2029 2030 2031 2032 2033 2034 2035 2036 2037 2038 2039 2040 2041 2042 2043 2044 2045 2046 2047 2048 2049 2050 :=
RE_Target 0 0 0 0 0 0 0 0.499 0.499 0.499 0.499 0.499 0.499 0.499 0.499 0.499 0.499 0.59 0.59 0.59 0.59 0.59 0.59 0.59 0.59 0.59 0.59 0.68 
[RE1,PWRHYD,*,*]:
2023 2024 2025 2026 2027 2028 2029 2030 2031 2032 2033 2034 2035 2036 2037 2038 2039 2040 2041 2042 2043 2044 2045 2046 2047 2048 2049 2050 :=
RE_Target 0 0 0 0 0 0 0 -0.501 -0.501 -0.501 -0.501 -0.501 -0.501 -0.501 -0.501 -0.501 -0.501 -0.41 -0.41 -0.41 -0.41 -0.41 -0.41 -0.41 -0.41 -0.41 -0.41 -0.32 
[RE1,PWRSOLU,*,*]:
2023 2024 2025 2026 2027 2028 2029 2030 2031 2032 2033 2034 2035 2036 2037 2038 2039 2040 2041 2042 2043 2044 2045 2046 2047 2048 2049 2050 :=
RE_Target 0 0 0 0 0 0 0 -0.501 -0.501 -0.501 -0.501 -0.501 -0.501 -0.501 -0.501 -0.501 -0.501 -0.41 -0.41 -0.41 -0.41 -0.41 -0.41 -0.41 -0.41 -0.41 -0.41 -0.32 
[RE1,PWRSOLS,*,*]:
2023 2024 2025 2026 2027 2028 2029 2030 2031 2032 2033 2034 2035 2036 2037 2038 2039 2040 2041 2042 2043 2044 2045 2046 2047 2048 2049 2050 :=
RE_Target 0 0 0 0 0 0 0 -0.501 -0.501 -0.501 -0.501 -0.501 -0.501 -0.501 -0.501 -0.501 -0.501 -0.41 -0.41 -0.41 -0.41 -0.41 -0.41 -0.41 -0.41 -0.41 -0.41 -0.32 
[RE1,PWRWNDS,*,*]:
2023 2024 2025 2026 2027 2028 2029 2030 2031 2032 2033 2034 2035 2036 2037 2038 2039 2040 2041 2042 2043 2044 2045 2046 2047 2048 2049 2050 :=
RE_Target 0 0 0 0 0 0 0 -0.501 -0.501 -0.501 -0.501 -0.501 -0.501 -0.501 -0.501 -0.501 -0.501 -0.41 -0.41 -0.41 -0.41 -0.41 -0.41 -0.41 -0.41 -0.41 -0.41 -0.32 
[RE1,PWRWNDO,*,*]:
2023 2024 2025 2026 2027 2028 2029 2030 2031 2032 2033 2034 2035 2036 2037 2038 2039 2040 2041 2042 2043 2044 2045 2046 2047 2048 2049 2050 :=
RE_Target 0 0 0 0 0 0 0 -0.501 -0.501 -0.501 -0.501 -0.501 -0.501 -0.501 -0.501 -0.501 -0.501 -0.41 -0.41 -0.41 -0.41 -0.41 -0.41 -0.41 -0.41 -0.41 -0.41 -0.32 
[RE1,PWRNUC,*,*]:
2023 2024 2025 2026 2027 2028 2029 2030 2031 2032 2033 2034 2035 2036 2037 2038 2039 2040 2041 2042 2043 2044 2045 2046 2047 2048 2049 2050 :=
RE_Target 0 0 0 0 0 0 0 0.5 0.5 0.5 0.5 0.5 0.5 0.5 0.5 0.5 0.5 0.6 0.6 0.6 0.6 0.6 0.6 0.6 0.6 0.6 0.6 0.69 
[RE1,PWRWST,*,*]:
2023 2024 2025 2026 2027 2028 2029 2030 2031 2032 2033 2034 2035 2036 2037 2038 2039 2040 2041 2042 2043 2044 2045 2046 2047 2048 2049 2050 :=
RE_Target 0 0 0 0 0 0 0 0.5 0.5 0.5 0.5 0.5 0.5 0.5 0.5 0.5 0.5 0.6 0.6 0.6 0.6 0.6 0.6 0.6 0.6 0.6 0.6 0.69 
[RE1,PWRBIO,*,*]:
2023 2024 2025 2026 2027 2028 2029 2030 2031 2032 2033 2034 2035 2036 2037 2038 2039 2040 2041 2042 2043 2044 2045 2046 2047 2048 2049 2050 :=
RE_Target 0 0 0 0 0 0 0 -0.501 -0.501 -0.501 -0.501 -0.501 -0.501 -0.501 -0.501 -0.501 -0.501 -0.41 -0.41 -0.41 -0.41 -0.41 -0.41 -0.41 -0.41 -0.41 -0.41 -0.32 
;
param YearSplit default 1 : 
2023 2024 2025 2026 2027 2028 2029 2030 2031 2032 2033 2034 2035 2036 2037 2038 2039 2040 2041 2042 2043 2044 2045 2046 2047 2048 2049 2050 :=
SD 0.16803653 0.16803653 0.16803653 0.16803653 0.16803653 0.16803653 0.16803653 0.16803653 0.16803653 0.16803653 0.16803653 0.16803653 0.16803653 0.16803653 0.16803653 0.16803653 0.16803653 0.16803653 0.16803653 0.16803653 0.16803653 0.16803653 0.16803653 0.16803653 0.16803653 0.16803653 0.16803653 0.16803653 
SN 0.084018265 0.084018265 0.084018265 0.084018265 0.084018265 0.084018265 0.084018265 0.084018265 0.084018265 0.084018265 0.084018265 0.084018265 0.084018265 0.084018265 0.084018265 0.084018265 0.084018265 0.084018265 0.084018265 0.084018265 0.084018265 0.084018265 0.084018265 0.084018265 0.084018265 0.084018265 0.084018265 0.084018265 
VD 0.147031963 0.147031963 0.147031963 0.147031963 0.147031963 0.147031963 0.147031963 0.147031963 0.147031963 0.147031963 0.147031963 0.147031963 0.147031963 0.147031963 0.147031963 0.147031963 0.147031963 0.147031963 0.147031963 0.147031963 0.147031963 0.147031963 0.147031963 0.147031963 0.147031963 0.147031963 0.147031963 0.147031963 
VN 0.105022831 0.105022831 0.105022831 0.105022831 0.105022831 0.105022831 0.105022831 0.105022831 0.105022831 0.105022831 0.105022831 0.105022831 0.105022831 0.105022831 0.105022831 0.105022831 0.105022831 0.105022831 0.105022831 0.105022831 0.105022831 0.105022831 0.105022831 0.105022831 0.105022831 0.105022831 0.105022831 0.105022831 
HD 0.124657534 0.124657534 0.124657534 0.124657534 0.124657534 0.124657534 0.124657534 0.124657534 0.124657534 0.124657534 0.124657534 0.124657534 0.124657534 0.124657534 0.124657534 0.124657534 0.124657534 0.124657534 0.124657534 0.124657534 0.124657534 0.124657534 0.124657534 0.124657534 0.124657534 0.124657534 0.124657534 0.124657534 
HN 0.124657534 0.124657534 0.124657534 0.124657534 0.124657534 0.124657534 0.124657534 0.124657534 0.124657534 0.124657534 0.124657534 0.124657534 0.124657534 0.124657534 0.124657534 0.124657534 0.124657534 0.124657534 0.124657534 0.124657534 0.124657534 0.124657534 0.124657534 0.124657534 0.124657534 0.124657534 0.124657534 0.124657534 
WD 0.082191781 0.082191781 0.082191781 0.082191781 0.082191781 0.082191781 0.082191781 0.082191781 0.082191781 0.082191781 0.082191781 0.082191781 0.082191781 0.082191781 0.082191781 0.082191781 0.082191781 0.082191781 0.082191781 0.082191781 0.082191781 0.082191781 0.082191781 0.082191781 0.082191781 0.082191781 0.082191781 0.082191781 
WN 0.164383562 0.164383562 0.164383562 0.164383562 0.164383562 0.164383562 0.164383562 0.164383562 0.164383562 0.164383562 0.164383562 0.164383562 0.164383562 0.164383562 0.164383562 0.164383562 0.164383562 0.164383562 0.164383562 0.164383562 0.164383562 0.164383562 0.164383562 0.164383562 0.164383562 0.164383562 0.164383562 0.164383562 
;
param DaySplit default 1 : 
2023 2024 2025 2026 2027 2028 2029 2030 2031 2032 2033 2034 2035 2036 2037 2038 2039 2040 2041 2042 2043 2044 2045 2046 2047 2048 2049 2050 :=
1 1 1 1 1 1 1 1 1 1 1 1 1 1 1 1 1 1 1 1 1 1 1 1 1 1 1 1 1 
2 1 1 1 1 1 1 1 1 1 1 1 1 1 1 1 1 1 1 1 1 1 1 1 1 1 1 1 1 
;
param DaysInDayType default 1 := 
;
param AvailabilityFactor default 1 := 
;
param CapitalCost default 0.0001 := 
[RE1,*,*]: 
2023 2024 2025 2026 2027 2028 2029 2030 2031 2032 2033 2034 2035 2036 2037 2038 2039 2040 2041 2042 2043 2044 2045 2046 2047 2048 2049 2050 :=
PWRCHP 2862.6 2862.6 2862.6 2862.6 2862.6 2862.6 2862.6 2862.6 2862.6 2862.6 2862.6 2862.6 2862.6 2862.6 2862.6 2862.6 2862.6 2862.6 2862.6 2862.6 2862.6 2862.6 2862.6 2862.6 2862.6 2862.6 2862.6 2862.6 
PWRCOAH 660.6 660.6 660.6 660.6 660.6 660.6 660.6 660.6 660.6 660.6 660.6 660.6 660.6 660.6 660.6 660.6 660.6 660.6 660.6 660.6 660.6 660.6 660.6 660.6 660.6 660.6 660.6 660.6 
PWRCOALI 1541.4 1541.4 1541.4 1541.4 1541.4 1541.4 1541.4 1541.4 1541.4 1541.4 1541.4 1541.4 1541.4 1541.4 1541.4 1541.4 1541.4 1541.4 1541.4 1541.4 1541.4 1541.4 1541.4 1541.4 1541.4 1541.4 1541.4 1541.4 
PWRGAS 374.34 374.34 374.34 374.34 374.34 374.34 374.34 374.34 374.34 374.34 374.34 374.34 374.34 374.34 374.34 374.34 374.34 374.34 374.34 374.34 374.34 374.34 374.34 374.34 374.34 374.34 374.34 374.34 
PWRHYD 1541.4 1541.4 1541.4 1541.4 1541.4 1541.4 1541.4 1541.4 1541.4 1541.4 1541.4 1541.4 1541.4 1541.4 1541.4 1541.4 1541.4 1541.4 1541.4 1541.4 1541.4 1541.4 1541.4 1541.4 1541.4 1541.4 1541.4 1541.4 
PWRSOLU 770.7 770.7 770.7 770.7 770.7 770.7 770.7 770.7 770.7 770.7 770.7 770.7 770.7 770.7 770.7 770.7 770.7 770.7 770.7 770.7 770.7 770.7 770.7 770.7 770.7 770.7 770.7 770.7 
PWRSOLS 1034.94 1034.94 1034.94 1034.94 1034.94 1034.94 1034.94 1034.94 1034.94 1034.94 1034.94 1034.94 1034.94 1034.94 1034.94 1034.94 1034.94 1034.94 1034.94 1034.94 1034.94 1034.94 1034.94 1034.94 1034.94 1034.94 1034.94 1034.94 
PWRWNDS 1629.48 1629.48 1629.48 1629.48 1629.48 1629.48 1629.48 1629.48 1629.48 1629.48 1629.48 1629.48 1629.48 1629.48 1629.48 1629.48 1629.48 1629.48 1629.48 1629.48 1629.48 1629.48 1629.48 1629.48 1629.48 1629.48 1629.48 1629.48 
PWRWNDO 4624.2 4624.2 4624.2 4624.2 4624.2 4624.2 4624.2 4624.2 4624.2 4624.2 4624.2 4624.2 4624.2 4624.2 4624.2 4624.2 4624.2 4624.2 4624.2 4624.2 4624.2 4624.2 4624.2 4624.2 4624.2 4624.2 4624.2 4624.2 
PWRNUC 10349.4 10349.4 10349.4 10349.4 10349.4 10349.4 10349.4 10349.4 10349.4 10349.4 10349.4 10349.4 10349.4 10349.4 10349.4 10349.4 10349.4 10349.4 10349.4 10349.4 10349.4 10349.4 10349.4 10349.4 10349.4 10349.4 10349.4 10349.4 
PWRWST 911.92 911.92 911.92 911.92 911.92 911.92 911.92 911.92 911.92 911.92 911.92 911.92 911.92 911.92 911.92 911.92 911.92 911.92 911.92 911.92 911.92 911.92 911.92 911.92 911.92 911.92 911.92 911.92 
PWRBIO 1365.24 1365.24 1365.24 1365.24 1365.24 1365.24 1365.24 1365.24 1365.24 1365.24 1365.24 1365.24 1365.24 1365.24 1365.24 1365.24 1365.24 1365.24 1365.24 1365.24 1365.24 1365.24 1365.24 1365.24 1365.24 1365.24 1365.24 1365.24 
PWRTRN 1698 1698 1698 1698 1698 1698 1698 1698 1698 1698 1698 1698 1698 1698 1698 1698 1698 1698 1698 1698 1698 1698 1698 1698 1698 1698 1698 1698 
;
param FixedCost default 0.0001 := 
[RE1,*,*]: 
2023 2024 2025 2026 2027 2028 2029 2030 2031 2032 2033 2034 2035 2036 2037 2038 2039 2040 2041 2042 2043 2044 2045 2046 2047 2048 2049 2050 :=
PWRCHP 48.444 48.444 48.444 48.444 48.444 48.444 48.444 48.444 48.444 48.444 48.444 48.444 48.444 48.444 48.444 48.444 48.444 48.444 48.444 48.444 48.444 48.444 48.444 48.444 48.444 48.444 48.444 48.444 
PWRCOAH 50.646 50.646 50.646 50.646 50.646 50.646 50.646 50.646 50.646 50.646 50.646 50.646 50.646 50.646 50.646 50.646 50.646 50.646 50.646 50.646 50.646 50.646 50.646 50.646 50.646 50.646 50.646 50.646 
PWRCOALI 11.4504 11.4504 11.4504 11.4504 11.4504 11.4504 11.4504 11.4504 11.4504 11.4504 11.4504 11.4504 11.4504 11.4504 11.4504 11.4504 11.4504 11.4504 11.4504 11.4504 11.4504 11.4504 11.4504 11.4504 11.4504 11.4504 11.4504 11.4504 
PWRGAS 18.4968 18.4968 18.4968 18.4968 18.4968 18.4968 18.4968 18.4968 18.4968 18.4968 18.4968 18.4968 18.4968 18.4968 18.4968 18.4968 18.4968 18.4968 18.4968 18.4968 18.4968 18.4968 18.4968 18.4968 18.4968 18.4968 18.4968 18.4968 
PWRHYD 11.4504 11.4504 11.4504 11.4504 11.4504 11.4504 11.4504 11.4504 11.4504 11.4504 11.4504 11.4504 11.4504 11.4504 11.4504 11.4504 11.4504 11.4504 11.4504 11.4504 11.4504 11.4504 11.4504 11.4504 11.4504 11.4504 11.4504 11.4504 
PWRSOLU 12.111 12.111 12.111 12.111 12.111 12.111 12.111 12.111 12.111 12.111 12.111 12.111 12.111 12.111 12.111 12.111 12.111 12.111 12.111 12.111 12.111 12.111 12.111 12.111 12.111 12.111 12.111 12.111 
PWRSOLS 15.1938 15.1938 15.1938 15.1938 15.1938 15.1938 15.1938 15.1938 15.1938 15.1938 15.1938 15.1938 15.1938 15.1938 15.1938 15.1938 15.1938 15.1938 15.1938 15.1938 15.1938 15.1938 15.1938 15.1938 15.1938 15.1938 15.1938 15.1938 
PWRWNDS 22.02 22.02 22.02 22.02 22.02 22.02 22.02 22.02 22.02 22.02 22.02 22.02 22.02 22.02 22.02 22.02 22.02 22.02 22.02 22.02 22.02 22.02 22.02 22.02 22.02 22.02 22.02 22.02 
PWRWNDO 68.262 68.262 68.262 68.262 68.262 68.262 68.262 68.262 68.262 68.262 68.262 68.262 68.262 68.262 68.262 68.262 68.262 68.262 68.262 68.262 68.262 68.262 68.262 68.262 68.262 68.262 68.262 68.262 
PWRNUC 242.22 242.22 242.22 242.22 242.22 242.22 242.22 242.22 242.22 242.22 242.22 242.22 242.22 242.22 242.22 242.22 242.22 242.22 242.22 242.22 242.22 242.22 242.22 242.22 242.22 242.22 242.22 242.22 
PWRWST 48.95 48.95 48.95 48.95 48.95 48.95 48.95 48.95 48.95 48.95 48.95 48.95 48.95 48.95 48.95 48.95 48.95 48.95 48.95 48.95 48.95 48.95 48.95 48.95 48.95 48.95 48.95 48.95 
PWRBIO 14.0928 14.0928 14.0928 14.0928 14.0928 14.0928 14.0928 14.0928 14.0928 14.0928 14.0928 14.0928 14.0928 14.0928 14.0928 14.0928 14.0928 14.0928 14.0928 14.0928 14.0928 14.0928 14.0928 14.0928 14.0928 14.0928 14.0928 14.0928 
PWRTRN 50.93 50.93 50.93 50.93 50.93 50.93 50.93 50.93 50.93 50.93 50.93 50.93 50.93 50.93 50.93 50.93 50.93 50.93 50.93 50.93 50.93 50.93 50.93 50.93 50.93 50.93 50.93 50.93 
;
param ResidualCapacity default 0 := 
[RE1,*,*]: 
2023 2024 2025 2026 2027 2028 2029 2030 2031 2032 2033 2034 2035 2036 2037 2038 2039 2040 2041 2042 2043 2044 2045 2046 2047 2048 2049 2050 :=
PWRCHP 4.79 4.68 4.78 4.78 4.7 4.62 3.87 1.39 1.39 1.39 1.39 1.39 0.22 0.22 0.22 0.22 0.22 0.22 0.22 0.22 0.22 0.22 0.07 0.07 0.07 0.07 0.07 0.07 
PWRCOAH 17.94 17.94 16.61 16.01 15.55 10.65 4.82 4.59 4.59 4.59 3.14 2.02 2.02 2.02 2.02 2.02 2.02 1.11 1.11 1.11 1.11 1.11 0 0 0 0 0 0 
PWRCOALI 8.88 8.88 8.42 8.42 8.42 8.42 8.42 8.05 7.69 6.94 6.16 2.18 0.51 0.51 0.51 0.51 0.51 0.51 0.51 0.51 0.51 0 0 0 0 0 0 0 
PWRGAS 4.75 4.75 4.75 4.75 4.75 4.75 4.75 4.75 4.75 4.75 4.75 4.75 4.75 4.75 4.75 4.75 4.75 4.75 4.75 0 0 0 0 0 0 0 0 0 
PWRHYD 0.98 0.98 0.98 0.98 0.98 0.98 0.98 0.98 0.98 0.98 0.98 0.98 0.98 0.98 0.98 0.98 0.98 0.98 0.98 0.98 0.98 0.98 0.98 0.98 0.98 0.98 0.98 0.98 
PWRSOLU 1.56 1.56 1.56 1.56 1.56 1.56 1.56 1.56 1.56 1.56 1.56 1.56 1.56 1.56 1.56 1.56 1.56 1.56 1.56 1.56 1.56 1.56 1.5 1.39 0.98 0 0 0 
PWRSOLS 15.49 15.49 15.49 15.49 15.49 15.49 15.49 15.49 15.49 15.49 15.49 15.49 15.49 15.49 15.49 15.49 15.46 15.39 15.31 15.22 14.94 13.97 11.6 8 3.89 0 0 0 
PWRWNDS 9.43 9.43 9.43 9.43 9.43 9.43 9.43 9.43 9.43 9.43 9.43 9.43 9.43 9.43 9.43 9.43 5.56 4.54 3.65 3.6 3.59 3.53 3.03 2.31 1.17 0 0 0 
PWRWST 0.009 0.009 0.009 0.009 0.009 0.009 0.009 0.009 0.009 0.009 0.009 0.009 0.009 0.009 0.009 0.009 0.009 0.009 0.009 0.009 0.009 0.009 0.009 0.009 0.009 0.009 0.009 0.009 
PWRBIO 1.25 1.25 1.25 1.2 1.2 1.15 1.15 1.15 1.15 1.15 1.15 1.15 1.15 1.15 1.15 1.15 1.15 1.15 1.15 0.06 0.06 0.06 0.06 0.06 0.06 0.06 0.02 0.02 
PWRTRN 49.5929 48.353 47.1132 45.8734 44.6336 43.3938 42.1539 40.9141 39.6743 38.4345 37.1947 35.9548 34.715 33.4752 32.2354 30.9955 29.7557 28.5159 27.2761 26.0363 24.7964 23.5566 22.3168 21.077 19.8371 18.5973 17.3575 16.1177 
;
param TotalAnnualMaxCapacity default 999999 := 
[RE1,*,*]: 
2023 2024 2025 2026 2027 2028 2029 2030 2031 2032 2033 2034 2035 2036 2037 2038 2039 2040 2041 2042 2043 2044 2045 2046 2047 2048 2049 2050 :=
PWRHYD 3.2 3.2 3.2 3.2 3.2 3.2 3.2 3.2 3.2 3.2 3.2 3.2 3.2 3.2 3.2 3.2 3.2 3.2 3.2 3.2 3.2 3.2 3.2 3.2 3.2 3.2 3.2 3.2 
PWRSOLU 394 394 394 394 394 394 394 394 394 394 394 394 394 394 394 394 394 394 394 394 394 394 394 394 394 394 394 394 
PWRSOLS 32 32 32 32 32 32 32 32 32 32 32 32 32 32 32 32 32 32 32 32 32 32 32 32 32 32 32 32 
PWRWNDS 22.1 22.1 22.1 22.1 22.1 22.1 22.1 22.1 22.1 22.1 22.1 22.1 22.1 22.1 22.1 22.1 22.1 22.1 22.1 22.1 22.1 22.1 22.1 22.1 22.1 22.1 22.1 22.1 
PWRWNDO 15 15 15 15 15 15 15 15 15 15 15 15 15 15 15 15 15 15 15 15 15 15 15 15 15 15 15 15 
PWRWST 0.3 0.3 0.3 0.3 0.3 0.3 0.3 0.3 0.3 0.3 0.3 0.3 0.3 0.3 0.3 0.3 0.3 0.3 0.3 0.3 0.3 0.3 0.3 0.3 0.3 0.3 0.3 0.3 
PWRBIO 3 3 3 3 3 3 3 3 3 3 3 3 3 3 3 3 3 3 3 3 3 3 3 3 3 3 3 3 
;
param TotalAnnualMaxCapacityInvestment default 999999 := 
[RE1,*,*]: 
2023 2024 2025 2026 2027 2028 2029 2030 2031 2032 2033 2034 2035 2036 2037 2038 2039 2040 2041 2042 2043 2044 2045 2046 2047 2048 2049 2050 :=
PWRCHP 0 999999 999999 999999 999999 999999 999999 999999 999999 999999 999999 999999 999999 999999 999999 999999 999999 999999 999999 999999 999999 999999 999999 999999 999999 999999 999999 999999 
PWRCOAH 0 0 0 0 0 0 0 0 0 0 0 0 0 0 0 0 0 0 0 0 0 0 0 0 0 0 0 0 
PWRCOALI 0 0 0 0 0 0 0 0 0 0 0 0 0 0 0 0 0 0 0 0 0 0 0 0 0 0 0 0 
PWRGAS 0 999999 999999 999999 999999 999999 999999 999999 999999 999999 999999 999999 999999 999999 999999 999999 999999 999999 999999 999999 999999 999999 999999 999999 999999 999999 999999 999999 
PWRHYD 0 999999 999999 999999 999999 999999 999999 999999 999999 999999 999999 999999 999999 999999 999999 999999 999999 999999 999999 999999 999999 999999 999999 999999 999999 999999 999999 999999 
PWRSOLU 0 3.5 3.5 3.5 3.5 3.5 3.5 3.5 3.5 3.5 3.5 3.5 3.5 3.5 3.5 3.5 3.5 3.5 3.5 3.5 3.5 3.5 3.5 3.5 3.5 3.5 3.5 3.5 
PWRSOLS 0 3 3 3 3 3 3 3 3 3 3 3 3 3 3 3 3 3 3 3 3 3 3 3 3 3 3 3 
PWRWNDS 0 2 2 2 2 2 2 2 2 2 2 2 2 2 2 2 2 2 2 2 2 2 2 2 2 2 2 2 
PWRWNDO 0 0 0 1.14 1.5 1.44 2 2 2 2 2 2 2 2 2 2 2 2 2 2 2 2 2 2 2 2 2 2 
PWRNUC 0 0 0 0 0 0 0 0 0 0 0 0 1.25 1.25 1.25 2 2 2 2 2 2 2 2 2 2 2 2 2 
PWRWST 0 0.02 0.02 0.02 0.02 0.02 0.02 0.02 0.02 0.02 0.02 0.02 0.02 0.02 0.02 0.02 0.02 0.02 0.02 0.02 0.02 0.02 0.02 0.02 0.02 0.02 0.02 0.02 
PWRBIO 0 999999 999999 999999 999999 999999 999999 999999 999999 999999 999999 999999 999999 999999 999999 999999 999999 999999 999999 999999 999999 999999 999999 999999 999999 999999 999999 999999 
;
param TotalAnnualMinCapacity default 0 := 
;
param TotalAnnualMinCapacityInvestment default 0 := 
[RE1,*,*]: 
2023 2024 2025 2026 2027 2028 2029 2030 2031 2032 2033 2034 2035 2036 2037 2038 2039 2040 2041 2042 2043 2044 2045 2046 2047 2048 2049 2050 :=
PWRWNDO 0 0 0 1.14 1.5 1.44 0 0 0 0 0 0 0 0 0 0 0 0 0 0 0 0 0 0 0 0 0 0 
PWRNUC 0 0 0 0 0 0 0 0 0 0 0 0 1.25 1.25 1.25 0 0 0 0 0 0 0 0 0 0 0 0 0 
;
param TotalTechnologyAnnualActivityLowerLimit default 0 := 
;
param TotalTechnologyAnnualActivityUpperLimit default 999999 := 
;
param CapacityOfOneTechnologyUnit default 0 := 
;
param VariableCost default 0.0001 := 
[RE1,MINCOAH,*,*]: 
2023 2024 2025 2026 2027 2028 2029 2030 2031 2032 2033 2034 2035 2036 2037 2038 2039 2040 2041 2042 2043 2044 2045 2046 2047 2048 2049 2050 :=
1 3.792333364 3.792333364 3.792333364 3.792333364 3.792333364 3.792333364 3.792333364 3.792333364 3.792333364 3.792333364 3.792333364 3.792333364 3.792333364 3.792333364 3.792333364 3.792333364 3.792333364 3.792333364 3.792333364 3.792333364 3.792333364 3.792333364 3.792333364 3.792333364 3.792333364 3.792333364 3.792333364 3.792333364 
[RE1,MINCOALI,*,*]: 
2023 2024 2025 2026 2027 2028 2029 2030 2031 2032 2033 2034 2035 2036 2037 2038 2039 2040 2041 2042 2043 2044 2045 2046 2047 2048 2049 2050 :=
1 0.92444 0.92444 0.92444 0.92444 0.92444 0.92444 0.92444 0.92444 0.92444 0.92444 0.92444 0.92444 0.92444 0.92444 0.92444 0.92444 0.92444 0.92444 0.92444 0.92444 0.92444 0.92444 0.92444 0.92444 0.92444 0.92444 0.92444 0.92444 
[RE1,MINGAS,*,*]: 
2023 2024 2025 2026 2027 2028 2029 2030 2031 2032 2033 2034 2035 2036 2037 2038 2039 2040 2041 2042 2043 2044 2045 2046 2047 2048 2049 2050 :=
1 6.728333387 6.728333387 6.728333387 6.728333387 6.728333387 6.728333387 6.728333387 6.728333387 6.728333387 6.728333387 6.728333387 6.728333387 6.728333387 6.728333387 6.728333387 6.728333387 6.728333387 6.728333387 6.728333387 6.728333387 6.728333387 6.728333387 6.728333387 6.728333387 6.728333387 6.728333387 6.728333387 6.728333387 
[RE1,MINUR,*,*]: 
2023 2024 2025 2026 2027 2028 2029 2030 2031 2032 2033 2034 2035 2036 2037 2038 2039 2040 2041 2042 2043 2044 2045 2046 2047 2048 2049 2050 :=
1 0.115568 0.115568 0.115568 0.115568 0.115568 0.115568 0.115568 0.115568 0.115568 0.115568 0.115568 0.115568 0.115568 0.115568 0.115568 0.115568 0.115568 0.115568 0.115568 0.115568 0.115568 0.115568 0.115568 0.115568 0.115568 0.115568 0.115568 0.115568 
[RE1,RSCWST,*,*]: 
2023 2024 2025 2026 2027 2028 2029 2030 2031 2032 2033 2034 2035 2036 2037 2038 2039 2040 2041 2042 2043 2044 2045 2046 2047 2048 2049 2050 :=
1 2.326 2.326 2.326 2.326 2.326 2.326 2.326 2.326 2.326 2.326 2.326 2.326 2.326 2.326 2.326 2.326 2.326 2.326 2.326 2.326 2.326 2.326 2.326 2.326 2.326 2.326 2.326 2.326 
[RE1,RSCBIO,*,*]: 
2023 2024 2025 2026 2027 2028 2029 2030 2031 2032 2033 2034 2035 2036 2037 2038 2039 2040 2041 2042 2043 2044 2045 2046 2047 2048 2049 2050 :=
1 0.901 0.901 0.901 0.901 0.901 0.901 0.901 0.901 0.901 0.901 0.901 0.901 0.901 0.901 0.901 0.901 0.901 0.901 0.901 0.901 0.901 0.901 0.901 0.901 0.901 0.901 0.901 0.901 
[RE1,PWRCHP,*,*]: 
2023 2024 2025 2026 2027 2028 2029 2030 2031 2032 2033 2034 2035 2036 2037 2038 2039 2040 2041 2042 2043 2044 2045 2046 2047 2048 2049 2050 :=
1 1.223333343 1.223333343 1.223333343 1.223333343 1.223333343 1.223333343 1.223333343 1.223333343 1.223333343 1.223333343 1.223333343 1.223333343 1.223333343 1.223333343 1.223333343 1.223333343 1.223333343 1.223333343 1.223333343 1.223333343 1.223333343 1.223333343 1.223333343 1.223333343 1.223333343 1.223333343 1.223333343 1.223333343 
[RE1,PWRCOALI,*,*]: 
2023 2024 2025 2026 2027 2028 2029 2030 2031 2032 2033 2034 2035 2036 2037 2038 2039 2040 2041 2042 2043 2044 2045 2046 2047 2048 2049 2050 :=
1 0.611667 0.611667 0.611667 0.611667 0.611667 0.611667 0.611667 0.611667 0.611667 0.611667 0.611667 0.611667 0.611667 0.611667 0.611667 0.611667 0.611667 0.611667 0.611667 0.611667 0.611667 0.611667 0.611667 0.611667 0.611667 0.611667 0.611667 0.611667 
[RE1,PWRHYD,*,*]: 
2023 2024 2025 2026 2027 2028 2029 2030 2031 2032 2033 2034 2035 2036 2037 2038 2039 2040 2041 2042 2043 2044 2045 2046 2047 2048 2049 2050 :=
1 0.611666672 0.611666672 0.611666672 0.611666672 0.611666672 0.611666672 0.611666672 0.611666672 0.611666672 0.611666672 0.611666672 0.611666672 0.611666672 0.611666672 0.611666672 0.611666672 0.611666672 0.611666672 0.611666672 0.611666672 0.611666672 0.611666672 0.611666672 0.611666672 0.611666672 0.611666672 0.611666672 0.611666672 
[RE1,PWRWNDS,*,*]: 
2023 2024 2025 2026 2027 2028 2029 2030 2031 2032 2033 2034 2035 2036 2037 2038 2039 2040 2041 2042 2043 2044 2045 2046 2047 2048 2049 2050 :=
1 0.795166673 0.795166673 0.795166673 0.795166673 0.795166673 0.795166673 0.795166673 0.795166673 0.795166673 0.795166673 0.795166673 0.795166673 0.795166673 0.795166673 0.795166673 0.795166673 0.795166673 0.795166673 0.795166673 0.795166673 0.795166673 0.795166673 0.795166673 0.795166673 0.795166673 0.795166673 0.795166673 0.795166673 
[RE1,PWRWNDO,*,*]: 
2023 2024 2025 2026 2027 2028 2029 2030 2031 2032 2033 2034 2035 2036 2037 2038 2039 2040 2041 2042 2043 2044 2045 2046 2047 2048 2049 2050 :=
1 1.896166682 1.896166682 1.896166682 1.896166682 1.896166682 1.896166682 1.896166682 1.896166682 1.896166682 1.896166682 1.896166682 1.896166682 1.896166682 1.896166682 1.896166682 1.896166682 1.896166682 1.896166682 1.896166682 1.896166682 1.896166682 1.896166682 1.896166682 1.896166682 1.896166682 1.896166682 1.896166682 1.896166682 
[RE1,PWRNUC,*,*]: 
2023 2024 2025 2026 2027 2028 2029 2030 2031 2032 2033 2034 2035 2036 2037 2038 2039 2040 2041 2042 2043 2044 2045 2046 2047 2048 2049 2050 :=
1 2.202000018 2.202000018 2.202000018 2.202000018 2.202000018 2.202000018 2.202000018 2.202000018 2.202000018 2.202000018 2.202000018 2.202000018 2.202000018 2.202000018 2.202000018 2.202000018 2.202000018 2.202000018 2.202000018 2.202000018 2.202000018 2.202000018 2.202000018 2.202000018 2.202000018 2.202000018 2.202000018 2.202000018 
[RE1,PWRWST,*,*]: 
2023 2024 2025 2026 2027 2028 2029 2030 2031 2032 2033 2034 2035 2036 2037 2038 2039 2040 2041 2042 2043 2044 2045 2046 2047 2048 2049 2050 :=
1 0 0 0 0 0 0 0 0 0 0 0 0 0 0 0 0 0 0 0 0 0 0 0 0 0 0 0 0 
[RE1,PWRBIO,*,*]: 
2023 2024 2025 2026 2027 2028 2029 2030 2031 2032 2033 2034 2035 2036 2037 2038 2039 2040 2041 2042 2043 2044 2045 2046 2047 2048 2049 2050 :=
1 2.997166691 2.997166691 2.997166691 2.997166691 2.997166691 2.997166691 2.997166691 2.997166691 2.997166691 2.997166691 2.997166691 2.997166691 2.997166691 2.997166691 2.997166691 2.997166691 2.997166691 2.997166691 2.997166691 2.997166691 2.997166691 2.997166691 2.997166691 2.997166691 2.997166691 2.997166691 2.997166691 2.997166691 
;
param TechnologyActivityByModeLowerLimit default 0 := 
;
param TechnologyActivityByModeUpperLimit default 99999 := 
;
param TechnologyActivityDecreaseByModeLimit default 0 := 
;
param TechnologyActivityIncreaseByModeLimit default 0 := 
;
param InputToNewCapacityRatio default 0 := 
;
param InputToTotalCapacityRatio default 0 := 
;
param InputActivityRatio default 0 := 
[RE1,PWRCHP,COAH,*,*]:
2023 2024 2025 2026 2027 2028 2029 2030 2031 2032 2033 2034 2035 2036 2037 2038 2039 2040 2041 2042 2043 2044 2045 2046 2047 2048 2049 2050 :=
1 3.7 3.7 3.7 3.7 3.7 3.7 3.7 3.7 3.7 3.7 3.7 3.7 3.7 3.7 3.7 3.7 3.7 3.7 3.7 3.7 3.7 3.7 3.7 3.7 3.7 3.7 3.7 3.7 
[RE1,PWRCOAH,COAH,*,*]:
2023 2024 2025 2026 2027 2028 2029 2030 2031 2032 2033 2034 2035 2036 2037 2038 2039 2040 2041 2042 2043 2044 2045 2046 2047 2048 2049 2050 :=
1 2.78 2.78 2.78 2.78 2.78 2.78 2.78 2.78 2.78 2.78 2.78 2.78 2.78 2.78 2.78 2.78 2.78 2.78 2.78 2.78 2.78 2.78 2.78 2.78 2.78 2.78 2.78 2.78 
[RE1,PWRCOALI,COALI,*,*]:
2023 2024 2025 2026 2027 2028 2029 2030 2031 2032 2033 2034 2035 2036 2037 2038 2039 2040 2041 2042 2043 2044 2045 2046 2047 2048 2049 2050 :=
1 2.86 2.86 2.86 2.86 2.86 2.86 2.86 2.86 2.86 2.86 2.86 2.86 2.86 2.86 2.86 2.86 2.86 2.86 2.86 2.86 2.86 2.86 2.86 2.86 2.86 2.86 2.86 2.86 
[RE1,PWRGAS,GAS,*,*]:
2023 2024 2025 2026 2027 2028 2029 2030 2031 2032 2033 2034 2035 2036 2037 2038 2039 2040 2041 2042 2043 2044 2045 2046 2047 2048 2049 2050 :=
1 1.96 1.96 1.96 1.96 1.96 1.96 1.96 1.96 1.96 1.96 1.96 1.96 1.96 1.96 1.96 1.96 1.96 1.96 1.96 1.96 1.96 1.96 1.96 1.96 1.96 1.96 1.96 1.96 
[RE1,PWRHYD,HYD,*,*]:
2023 2024 2025 2026 2027 2028 2029 2030 2031 2032 2033 2034 2035 2036 2037 2038 2039 2040 2041 2042 2043 2044 2045 2046 2047 2048 2049 2050 :=
1 1 1 1 1 1 1 1 1 1 1 1 1 1 1 1 1 1 1 1 1 1 1 1 1 1 1 1 1 
[RE1,PWRSOLU,SOLU,*,*]:
2023 2024 2025 2026 2027 2028 2029 2030 2031 2032 2033 2034 2035 2036 2037 2038 2039 2040 2041 2042 2043 2044 2045 2046 2047 2048 2049 2050 :=
1 1 1 1 1 1 1 1 1 1 1 1 1 1 1 1 1 1 1 1 1 1 1 1 1 1 1 1 1 
[RE1,PWRSOLS,SOLS,*,*]:
2023 2024 2025 2026 2027 2028 2029 2030 2031 2032 2033 2034 2035 2036 2037 2038 2039 2040 2041 2042 2043 2044 2045 2046 2047 2048 2049 2050 :=
2 1 1 1 1 1 1 1 1 1 1 1 1 1 1 1 1 1 1 1 1 1 1 1 1 1 1 1 1 
[RE1,PWRWNDS,WNDS,*,*]:
2023 2024 2025 2026 2027 2028 2029 2030 2031 2032 2033 2034 2035 2036 2037 2038 2039 2040 2041 2042 2043 2044 2045 2046 2047 2048 2049 2050 :=
1 1 1 1 1 1 1 1 1 1 1 1 1 1 1 1 1 1 1 1 1 1 1 1 1 1 1 1 1 
[RE1,PWRWNDO,WNDO,*,*]:
2023 2024 2025 2026 2027 2028 2029 2030 2031 2032 2033 2034 2035 2036 2037 2038 2039 2040 2041 2042 2043 2044 2045 2046 2047 2048 2049 2050 :=
1 1 1 1 1 1 1 1 1 1 1 1 1 1 1 1 1 1 1 1 1 1 1 1 1 1 1 1 1 
[RE1,PWRNUC,URA,*,*]:
2023 2024 2025 2026 2027 2028 2029 2030 2031 2032 2033 2034 2035 2036 2037 2038 2039 2040 2041 2042 2043 2044 2045 2046 2047 2048 2049 2050 :=
1 3 3 3 3 3 3 3 3 3 3 3 3 3 3 3 3 3 3 3 3 3 3 3 3 3 3 3 3 
[RE1,PWRWST,WST,*,*]:
2023 2024 2025 2026 2027 2028 2029 2030 2031 2032 2033 2034 2035 2036 2037 2038 2039 2040 2041 2042 2043 2044 2045 2046 2047 2048 2049 2050 :=
1 3 3 3 3 3 3 3 3 3 3 3 3 3 3 3 3 3 3 3 3 3 3 3 3 3 3 3 3 
[RE1,PWRBIO,BIO,*,*]:
2023 2024 2025 2026 2027 2028 2029 2030 2031 2032 2033 2034 2035 2036 2037 2038 2039 2040 2041 2042 2043 2044 2045 2046 2047 2048 2049 2050 :=
1 2.86 2.86 2.86 2.86 2.86 2.86 2.86 2.86 2.86 2.86 2.86 2.86 2.86 2.86 2.86 2.86 2.86 2.86 2.86 2.86 2.86 2.86 2.86 2.86 2.86 2.86 2.86 2.86 
[RE1,PWRTRN,ELC001,*,*]:
2023 2024 2025 2026 2027 2028 2029 2030 2031 2032 2033 2034 2035 2036 2037 2038 2039 2040 2041 2042 2043 2044 2045 2046 2047 2048 2049 2050 :=
2 1 1 1 1 1 1 1 1 1 1 1 1 1 1 1 1 1 1 1 1 1 1 1 1 1 1 1 1 
;
param OutputActivityRatio default 0 := 
[RE1,MINCOAH,COAH,*,*]:
2023 2024 2025 2026 2027 2028 2029 2030 2031 2032 2033 2034 2035 2036 2037 2038 2039 2040 2041 2042 2043 2044 2045 2046 2047 2048 2049 2050 :=
1 1 1 1 1 1 1 1 1 1 1 1 1 1 1 1 1 1 1 1 1 1 1 1 1 1 1 1 1 
[RE1,MINCOALI,COALI,*,*]:
2023 2024 2025 2026 2027 2028 2029 2030 2031 2032 2033 2034 2035 2036 2037 2038 2039 2040 2041 2042 2043 2044 2045 2046 2047 2048 2049 2050 :=
1 1 1 1 1 1 1 1 1 1 1 1 1 1 1 1 1 1 1 1 1 1 1 1 1 1 1 1 1 
[RE1,MINGAS,GAS,*,*]:
2023 2024 2025 2026 2027 2028 2029 2030 2031 2032 2033 2034 2035 2036 2037 2038 2039 2040 2041 2042 2043 2044 2045 2046 2047 2048 2049 2050 :=
1 1 1 1 1 1 1 1 1 1 1 1 1 1 1 1 1 1 1 1 1 1 1 1 1 1 1 1 1 
[RE1,RSCHYD,HYD,*,*]:
2023 2024 2025 2026 2027 2028 2029 2030 2031 2032 2033 2034 2035 2036 2037 2038 2039 2040 2041 2042 2043 2044 2045 2046 2047 2048 2049 2050 :=
1 1 1 1 1 1 1 1 1 1 1 1 1 1 1 1 1 1 1 1 1 1 1 1 1 1 1 1 1 
[RE1,RSCWNDS,WNDS,*,*]:
2023 2024 2025 2026 2027 2028 2029 2030 2031 2032 2033 2034 2035 2036 2037 2038 2039 2040 2041 2042 2043 2044 2045 2046 2047 2048 2049 2050 :=
1 1 1 1 1 1 1 1 1 1 1 1 1 1 1 1 1 1 1 1 1 1 1 1 1 1 1 1 1 
[RE1,RSCWNDO,WNDO,*,*]:
2023 2024 2025 2026 2027 2028 2029 2030 2031 2032 2033 2034 2035 2036 2037 2038 2039 2040 2041 2042 2043 2044 2045 2046 2047 2048 2049 2050 :=
1 1 1 1 1 1 1 1 1 1 1 1 1 1 1 1 1 1 1 1 1 1 1 1 1 1 1 1 1 
[RE1,RSCSOLU,SOLU,*,*]:
2023 2024 2025 2026 2027 2028 2029 2030 2031 2032 2033 2034 2035 2036 2037 2038 2039 2040 2041 2042 2043 2044 2045 2046 2047 2048 2049 2050 :=
1 1 1 1 1 1 1 1 1 1 1 1 1 1 1 1 1 1 1 1 1 1 1 1 1 1 1 1 1 
[RE1,RSCSOLS,SOLS,*,*]:
2023 2024 2025 2026 2027 2028 2029 2030 2031 2032 2033 2034 2035 2036 2037 2038 2039 2040 2041 2042 2043 2044 2045 2046 2047 2048 2049 2050 :=
1 1 1 1 1 1 1 1 1 1 1 1 1 1 1 1 1 1 1 1 1 1 1 1 1 1 1 1 1 
[RE1,MINUR,URA,*,*]:
2023 2024 2025 2026 2027 2028 2029 2030 2031 2032 2033 2034 2035 2036 2037 2038 2039 2040 2041 2042 2043 2044 2045 2046 2047 2048 2049 2050 :=
1 1 1 1 1 1 1 1 1 1 1 1 1 1 1 1 1 1 1 1 1 1 1 1 1 1 1 1 1 
[RE1,RSCWST,WST,*,*]:
2023 2024 2025 2026 2027 2028 2029 2030 2031 2032 2033 2034 2035 2036 2037 2038 2039 2040 2041 2042 2043 2044 2045 2046 2047 2048 2049 2050 :=
1 1 1 1 1 1 1 1 1 1 1 1 1 1 1 1 1 1 1 1 1 1 1 1 1 1 1 1 1 
[RE1,RSCBIO,BIO,*,*]:
2023 2024 2025 2026 2027 2028 2029 2030 2031 2032 2033 2034 2035 2036 2037 2038 2039 2040 2041 2042 2043 2044 2045 2046 2047 2048 2049 2050 :=
1 1 1 1 1 1 1 1 1 1 1 1 1 1 1 1 1 1 1 1 1 1 1 1 1 1 1 1 1 
[RE1,PWRCHP,ELC001,*,*]:
2023 2024 2025 2026 2027 2028 2029 2030 2031 2032 2033 2034 2035 2036 2037 2038 2039 2040 2041 2042 2043 2044 2045 2046 2047 2048 2049 2050 :=
1 1 1 1 1 1 1 1 1 1 1 1 1 1 1 1 1 1 1 1 1 1 1 1 1 1 1 1 1 
[RE1,PWRCOAH,ELC001,*,*]:
2023 2024 2025 2026 2027 2028 2029 2030 2031 2032 2033 2034 2035 2036 2037 2038 2039 2040 2041 2042 2043 2044 2045 2046 2047 2048 2049 2050 :=
1 1 1 1 1 1 1 1 1 1 1 1 1 1 1 1 1 1 1 1 1 1 1 1 1 1 1 1 1 
[RE1,PWRCOALI,ELC001,*,*]:
2023 2024 2025 2026 2027 2028 2029 2030 2031 2032 2033 2034 2035 2036 2037 2038 2039 2040 2041 2042 2043 2044 2045 2046 2047 2048 2049 2050 :=
1 1 1 1 1 1 1 1 1 1 1 1 1 1 1 1 1 1 1 1 1 1 1 1 1 1 1 1 1 
[RE1,PWRGAS,ELC001,*,*]:
2023 2024 2025 2026 2027 2028 2029 2030 2031 2032 2033 2034 2035 2036 2037 2038 2039 2040 2041 2042 2043 2044 2045 2046 2047 2048 2049 2050 :=
1 1 1 1 1 1 1 1 1 1 1 1 1 1 1 1 1 1 1 1 1 1 1 1 1 1 1 1 1 
[RE1,PWRHYD,ELC001,*,*]:
2023 2024 2025 2026 2027 2028 2029 2030 2031 2032 2033 2034 2035 2036 2037 2038 2039 2040 2041 2042 2043 2044 2045 2046 2047 2048 2049 2050 :=
1 1 1 1 1 1 1 1 1 1 1 1 1 1 1 1 1 1 1 1 1 1 1 1 1 1 1 1 1 
[RE1,PWRSOLU,ELC001,*,*]:
2023 2024 2025 2026 2027 2028 2029 2030 2031 2032 2033 2034 2035 2036 2037 2038 2039 2040 2041 2042 2043 2044 2045 2046 2047 2048 2049 2050 :=
1 1 1 1 1 1 1 1 1 1 1 1 1 1 1 1 1 1 1 1 1 1 1 1 1 1 1 1 1 
[RE1,PWRSOLS,ELC002,*,*]:
2023 2024 2025 2026 2027 2028 2029 2030 2031 2032 2033 2034 2035 2036 2037 2038 2039 2040 2041 2042 2043 2044 2045 2046 2047 2048 2049 2050 :=
1 1 1 1 1 1 1 1 1 1 1 1 1 1 1 1 1 1 1 1 1 1 1 1 1 1 1 1 1 
[RE1,PWRWNDS,ELC001,*,*]:
2023 2024 2025 2026 2027 2028 2029 2030 2031 2032 2033 2034 2035 2036 2037 2038 2039 2040 2041 2042 2043 2044 2045 2046 2047 2048 2049 2050 :=
1 1 1 1 1 1 1 1 1 1 1 1 1 1 1 1 1 1 1 1 1 1 1 1 1 1 1 1 1 
[RE1,PWRWNDO,ELC001,*,*]:
2023 2024 2025 2026 2027 2028 2029 2030 2031 2032 2033 2034 2035 2036 2037 2038 2039 2040 2041 2042 2043 2044 2045 2046 2047 2048 2049 2050 :=
1 1 1 1 1 1 1 1 1 1 1 1 1 1 1 1 1 1 1 1 1 1 1 1 1 1 1 1 1 
[RE1,PWRNUC,ELC001,*,*]:
2023 2024 2025 2026 2027 2028 2029 2030 2031 2032 2033 2034 2035 2036 2037 2038 2039 2040 2041 2042 2043 2044 2045 2046 2047 2048 2049 2050 :=
1 1 1 1 1 1 1 1 1 1 1 1 1 1 1 1 1 1 1 1 1 1 1 1 1 1 1 1 1 
[RE1,PWRWST,ELC001,*,*]:
2023 2024 2025 2026 2027 2028 2029 2030 2031 2032 2033 2034 2035 2036 2037 2038 2039 2040 2041 2042 2043 2044 2045 2046 2047 2048 2049 2050 :=
1 1 1 1 1 1 1 1 1 1 1 1 1 1 1 1 1 1 1 1 1 1 1 1 1 1 1 1 1 
[RE1,PWRBIO,ELC001,*,*]:
2023 2024 2025 2026 2027 2028 2029 2030 2031 2032 2033 2034 2035 2036 2037 2038 2039 2040 2041 2042 2043 2044 2045 2046 2047 2048 2049 2050 :=
1 1 1 1 1 1 1 1 1 1 1 1 1 1 1 1 1 1 1 1 1 1 1 1 1 1 1 1 1 
[RE1,PWRTRN,ELC002,*,*]:
2023 2024 2025 2026 2027 2028 2029 2030 2031 2032 2033 2034 2035 2036 2037 2038 2039 2040 2041 2042 2043 2044 2045 2046 2047 2048 2049 2050 :=
1 0.93 0.93 0.93 0.93 0.93 0.93 0.93 0.93 0.93 0.93 0.93 0.93 0.93 0.93 0.93 0.93 0.93 0.93 0.93 0.93 0.93 0.93 0.93 0.93 0.93 0.93 0.93 0.93 
;
param OperationalLifeStorage default 1 : 
PHBATT :=
RE1 50 
;
param StorageLevelStart default 1 : 
PHBATT :=
RE1 0 
;
param CapitalCostStorage default 0 := 
[RE1,*,*]: 
2023 2024 2025 2026 2027 2028 2029 2030 2031 2032 2033 2034 2035 2036 2037 2038 2039 2040 2041 2042 2043 2044 2045 2046 2047 2048 2049 2050 :=
PHBATT 1554.85 1554.85 1554.85 1554.85 1554.85 1554.85 1554.85 1554.85 1554.85 1554.85 1554.85 1554.85 1554.85 1554.85 1554.85 1554.85 1554.85 1554.85 1554.85 1554.85 1554.85 1554.85 1554.85 1554.85 1554.85 1554.85 1554.85 1554.85 
;
param ResidualStorageCapacity default 0 := 
[RE1,*,*]: 
2023 2024 2025 2026 2027 2028 2029 2030 2031 2032 2033 2034 2035 2036 2037 2038 2039 2040 2041 2042 2043 2044 2045 2046 2047 2048 2049 2050 :=
PHBATT 1.41 1.41 1.41 1.41 1.41 1.41 1.41 1.41 1.41 1.41 1.41 1.41 1.41 1.41 1.41 1.41 1.41 1.41 1.41 1.41 1.41 1.41 1.41 1.41 1.41 1.41 1.41 1.41 
;
param MinStorageCharge default 0 := 
;
param TechnologyToStorage default 0 := 
[RE1,PWRTRN,*,*]:
1 2 :=
PHBATT 0 1 
;
param TechnologyFromStorage default 0 := 
[RE1,PWRTRN,*,*]:
1 2 :=
PHBATT 1 0 
;
param CapacityFactor default 1 := 
[RE1,PWRHYD,*,*]: 
2023 2024 2025 2026 2027 2028 2029 2030 2031 2032 2033 2034 2035 2036 2037 2038 2039 2040 2041 2042 2043 2044 2045 2046 2047 2048 2049 2050 :=
SD 0.433644907 0.433644907 0.433644907 0.433644907 0.433644907 0.433644907 0.433644907 0.433644907 0.433644907 0.433644907 0.433644907 0.433644907 0.433644907 0.433644907 0.433644907 0.433644907 0.433644907 0.433644907 0.433644907 0.433644907 0.433644907 0.433644907 0.433644907 0.433644907 0.433644907 0.433644907 0.433644907 0.433644907 
SN 0.433644907 0.433644907 0.433644907 0.433644907 0.433644907 0.433644907 0.433644907 0.433644907 0.433644907 0.433644907 0.433644907 0.433644907 0.433644907 0.433644907 0.433644907 0.433644907 0.433644907 0.433644907 0.433644907 0.433644907 0.433644907 0.433644907 0.433644907 0.433644907 0.433644907 0.433644907 0.433644907 0.433644907 
VD 0.63917933 0.63917933 0.63917933 0.63917933 0.63917933 0.63917933 0.63917933 0.63917933 0.63917933 0.63917933 0.63917933 0.63917933 0.63917933 0.63917933 0.63917933 0.63917933 0.63917933 0.63917933 0.63917933 0.63917933 0.63917933 0.63917933 0.63917933 0.63917933 0.63917933 0.63917933 0.63917933 0.63917933 
VN 0.63917933 0.63917933 0.63917933 0.63917933 0.63917933 0.63917933 0.63917933 0.63917933 0.63917933 0.63917933 0.63917933 0.63917933 0.63917933 0.63917933 0.63917933 0.63917933 0.63917933 0.63917933 0.63917933 0.63917933 0.63917933 0.63917933 0.63917933 0.63917933 0.63917933 0.63917933 0.63917933 0.63917933 
HD 0.434584455 0.434584455 0.434584455 0.434584455 0.434584455 0.434584455 0.434584455 0.434584455 0.434584455 0.434584455 0.434584455 0.434584455 0.434584455 0.434584455 0.434584455 0.434584455 0.434584455 0.434584455 0.434584455 0.434584455 0.434584455 0.434584455 0.434584455 0.434584455 0.434584455 0.434584455 0.434584455 0.434584455 
HN 0.434584455 0.434584455 0.434584455 0.434584455 0.434584455 0.434584455 0.434584455 0.434584455 0.434584455 0.434584455 0.434584455 0.434584455 0.434584455 0.434584455 0.434584455 0.434584455 0.434584455 0.434584455 0.434584455 0.434584455 0.434584455 0.434584455 0.434584455 0.434584455 0.434584455 0.434584455 0.434584455 0.434584455 
WD 0.628223536 0.628223536 0.628223536 0.628223536 0.628223536 0.628223536 0.628223536 0.628223536 0.628223536 0.628223536 0.628223536 0.628223536 0.628223536 0.628223536 0.628223536 0.628223536 0.628223536 0.628223536 0.628223536 0.628223536 0.628223536 0.628223536 0.628223536 0.628223536 0.628223536 0.628223536 0.628223536 0.628223536 
WN 0.628223536 0.628223536 0.628223536 0.628223536 0.628223536 0.628223536 0.628223536 0.628223536 0.628223536 0.628223536 0.628223536 0.628223536 0.628223536 0.628223536 0.628223536 0.628223536 0.628223536 0.628223536 0.628223536 0.628223536 0.628223536 0.628223536 0.628223536 0.628223536 0.628223536 0.628223536 0.628223536 0.628223536 
[RE1,PWRSOLU,*,*]: 
2023 2024 2025 2026 2027 2028 2029 2030 2031 2032 2033 2034 2035 2036 2037 2038 2039 2040 2041 2042 2043 2044 2045 2046 2047 2048 2049 2050 :=
SD 0.27 0.27 0.27 0.27 0.27 0.27 0.27 0.27 0.27 0.27 0.27 0.27 0.27 0.27 0.27 0.27 0.27 0.27 0.27 0.27 0.27 0.27 0.27 0.27 0.27 0.27 0.27 0.27 
SN 0.01 0.01 0.01 0.01 0.01 0.01 0.01 0.01 0.01 0.01 0.01 0.01 0.01 0.01 0.01 0.01 0.01 0.01 0.01 0.01 0.01 0.01 0.01 0.01 0.01 0.01 0.01 0.01 
VD 0.26 0.26 0.26 0.26 0.26 0.26 0.26 0.26 0.26 0.26 0.26 0.26 0.26 0.26 0.26 0.26 0.26 0.26 0.26 0.26 0.26 0.26 0.26 0.26 0.26 0.26 0.26 0.26 
VN 0.03 0.03 0.03 0.03 0.03 0.03 0.03 0.03 0.03 0.03 0.03 0.03 0.03 0.03 0.03 0.03 0.03 0.03 0.03 0.03 0.03 0.03 0.03 0.03 0.03 0.03 0.03 0.03 
HD 0.19 0.19 0.19 0.19 0.19 0.19 0.19 0.19 0.19 0.19 0.19 0.19 0.19 0.19 0.19 0.19 0.19 0.19 0.19 0.19 0.19 0.19 0.19 0.19 0.19 0.19 0.19 0.19 
HN 0.01 0.01 0.01 0.01 0.01 0.01 0.01 0.01 0.01 0.01 0.01 0.01 0.01 0.01 0.01 0.01 0.01 0.01 0.01 0.01 0.01 0.01 0.01 0.01 0.01 0.01 0.01 0.01 
WD 0.14 0.14 0.14 0.14 0.14 0.14 0.14 0.14 0.14 0.14 0.14 0.14 0.14 0.14 0.14 0.14 0.14 0.14 0.14 0.14 0.14 0.14 0.14 0.14 0.14 0.14 0.14 0.14 
WN 0.005 0.005 0.005 0.005 0.005 0.005 0.005 0.005 0.005 0.005 0.005 0.005 0.005 0.005 0.005 0.005 0.005 0.005 0.005 0.005 0.005 0.005 0.005 0.005 0.005 0.005 0.005 0.005 
[RE1,PWRSOLS,*,*]: 
2023 2024 2025 2026 2027 2028 2029 2030 2031 2032 2033 2034 2035 2036 2037 2038 2039 2040 2041 2042 2043 2044 2045 2046 2047 2048 2049 2050 :=
SD 0.27 0.27 0.27 0.27 0.27 0.27 0.27 0.27 0.27 0.27 0.27 0.27 0.27 0.27 0.27 0.27 0.27 0.27 0.27 0.27 0.27 0.27 0.27 0.27 0.27 0.27 0.27 0.27 
SN 0.01 0.01 0.01 0.01 0.01 0.01 0.01 0.01 0.01 0.01 0.01 0.01 0.01 0.01 0.01 0.01 0.01 0.01 0.01 0.01 0.01 0.01 0.01 0.01 0.01 0.01 0.01 0.01 
VD 0.26 0.26 0.26 0.26 0.26 0.26 0.26 0.26 0.26 0.26 0.26 0.26 0.26 0.26 0.26 0.26 0.26 0.26 0.26 0.26 0.26 0.26 0.26 0.26 0.26 0.26 0.26 0.26 
VN 0.03 0.03 0.03 0.03 0.03 0.03 0.03 0.03 0.03 0.03 0.03 0.03 0.03 0.03 0.03 0.03 0.03 0.03 0.03 0.03 0.03 0.03 0.03 0.03 0.03 0.03 0.03 0.03 
HD 0.19 0.19 0.19 0.19 0.19 0.19 0.19 0.19 0.19 0.19 0.19 0.19 0.19 0.19 0.19 0.19 0.19 0.19 0.19 0.19 0.19 0.19 0.19 0.19 0.19 0.19 0.19 0.19 
HN 0.01 0.01 0.01 0.01 0.01 0.01 0.01 0.01 0.01 0.01 0.01 0.01 0.01 0.01 0.01 0.01 0.01 0.01 0.01 0.01 0.01 0.01 0.01 0.01 0.01 0.01 0.01 0.01 
WD 0.14 0.14 0.14 0.14 0.14 0.14 0.14 0.14 0.14 0.14 0.14 0.14 0.14 0.14 0.14 0.14 0.14 0.14 0.14 0.14 0.14 0.14 0.14 0.14 0.14 0.14 0.14 0.14 
WN 0.005 0.005 0.005 0.005 0.005 0.005 0.005 0.005 0.005 0.005 0.005 0.005 0.005 0.005 0.005 0.005 0.005 0.005 0.005 0.005 0.005 0.005 0.005 0.005 0.005 0.005 0.005 0.005 
[RE1,PWRWNDS,*,*]: 
2023 2024 2025 2026 2027 2028 2029 2030 2031 2032 2033 2034 2035 2036 2037 2038 2039 2040 2041 2042 2043 2044 2045 2046 2047 2048 2049 2050 :=
SD 0.17 0.17 0.17 0.17 0.17 0.17 0.17 0.17 0.17 0.17 0.17 0.17 0.17 0.17 0.17 0.17 0.17 0.17 0.17 0.17 0.17 0.17 0.17 0.17 0.17 0.17 0.17 0.17 
SN 0.17 0.17 0.17 0.17 0.17 0.17 0.17 0.17 0.17 0.17 0.17 0.17 0.17 0.17 0.17 0.17 0.17 0.17 0.17 0.17 0.17 0.17 0.17 0.17 0.17 0.17 0.17 0.17 
VD 0.23 0.23 0.23 0.23 0.23 0.23 0.23 0.23 0.23 0.23 0.23 0.23 0.23 0.23 0.23 0.23 0.23 0.23 0.23 0.23 0.23 0.23 0.23 0.23 0.23 0.23 0.23 0.23 
VN 0.22 0.22 0.22 0.22 0.22 0.22 0.22 0.22 0.22 0.22 0.22 0.22 0.22 0.22 0.22 0.22 0.22 0.22 0.22 0.22 0.22 0.22 0.22 0.22 0.22 0.22 0.22 0.22 
HD 0.25 0.25 0.25 0.25 0.25 0.25 0.25 0.25 0.25 0.25 0.25 0.25 0.25 0.25 0.25 0.25 0.25 0.25 0.25 0.25 0.25 0.25 0.25 0.25 0.25 0.25 0.25 0.25 
HN 0.25 0.25 0.25 0.25 0.25 0.25 0.25 0.25 0.25 0.25 0.25 0.25 0.25 0.25 0.25 0.25 0.25 0.25 0.25 0.25 0.25 0.25 0.25 0.25 0.25 0.25 0.25 0.25 
WD 0.3 0.3 0.3 0.3 0.3 0.3 0.3 0.3 0.3 0.3 0.3 0.3 0.3 0.3 0.3 0.3 0.3 0.3 0.3 0.3 0.3 0.3 0.3 0.3 0.3 0.3 0.3 0.3 
WN 0.3 0.3 0.3 0.3 0.3 0.3 0.3 0.3 0.3 0.3 0.3 0.3 0.3 0.3 0.3 0.3 0.3 0.3 0.3 0.3 0.3 0.3 0.3 0.3 0.3 0.3 0.3 0.3 
[RE1,PWRWNDO,*,*]: 
2023 2024 2025 2026 2027 2028 2029 2030 2031 2032 2033 2034 2035 2036 2037 2038 2039 2040 2041 2042 2043 2044 2045 2046 2047 2048 2049 2050 :=
SD 0.27 0.27 0.27 0.27 0.27 0.27 0.27 0.27 0.27 0.27 0.27 0.27 0.27 0.27 0.27 0.27 0.27 0.27 0.27 0.27 0.27 0.27 0.27 0.27 0.27 0.27 0.27 0.27 
SN 0.26 0.26 0.26 0.26 0.26 0.26 0.26 0.26 0.26 0.26 0.26 0.26 0.26 0.26 0.26 0.26 0.26 0.26 0.26 0.26 0.26 0.26 0.26 0.26 0.26 0.26 0.26 0.26 
VD 0.33 0.33 0.33 0.33 0.33 0.33 0.33 0.33 0.33 0.33 0.33 0.33 0.33 0.33 0.33 0.33 0.33 0.33 0.33 0.33 0.33 0.33 0.33 0.33 0.33 0.33 0.33 0.33 
VN 0.32 0.32 0.32 0.32 0.32 0.32 0.32 0.32 0.32 0.32 0.32 0.32 0.32 0.32 0.32 0.32 0.32 0.32 0.32 0.32 0.32 0.32 0.32 0.32 0.32 0.32 0.32 0.32 
HD 0.39 0.39 0.39 0.39 0.39 0.39 0.39 0.39 0.39 0.39 0.39 0.39 0.39 0.39 0.39 0.39 0.39 0.39 0.39 0.39 0.39 0.39 0.39 0.39 0.39 0.39 0.39 0.39 
HN 0.38 0.38 0.38 0.38 0.38 0.38 0.38 0.38 0.38 0.38 0.38 0.38 0.38 0.38 0.38 0.38 0.38 0.38 0.38 0.38 0.38 0.38 0.38 0.38 0.38 0.38 0.38 0.38 
WD 0.44 0.44 0.44 0.44 0.44 0.44 0.44 0.44 0.44 0.44 0.44 0.44 0.44 0.44 0.44 0.44 0.44 0.44 0.44 0.44 0.44 0.44 0.44 0.44 0.44 0.44 0.44 0.44 
WN 0.44 0.44 0.44 0.44 0.44 0.44 0.44 0.44 0.44 0.44 0.44 0.44 0.44 0.44 0.44 0.44 0.44 0.44 0.44 0.44 0.44 0.44 0.44 0.44 0.44 0.44 0.44 0.44 
;
param AccumulatedAnnualDemand default 0 := 
;
param SpecifiedAnnualDemand default 0 := 
[RE1,*,*]: 
2023 2024 2025 2026 2027 2028 2029 2030 2031 2032 2033 2034 2035 2036 2037 2038 2039 2040 2041 2042 2043 2044 2045 2046 2047 2048 2049 2050 :=
ELC002 559.61 566.48 573.36 580.23 587.11 593.98 600.86 607.73 614.6 621.48 628.35 635.23 642.1 648.98 655.85 662.73 669.6 676.47 683.35 690.22 697.1 703.97 710.85 717.72 724.6 731.47 738.34 745.22 
;
param SpecifiedDemandProfile default 0 := 
[RE1,ELC002,*,*]: 
2023 2024 2025 2026 2027 2028 2029 2030 2031 2032 2033 2034 2035 2036 2037 2038 2039 2040 2041 2042 2043 2044 2045 2046 2047 2048 2049 2050 :=
SD 0.175 0.175 0.175 0.175 0.175 0.175 0.175 0.175 0.175 0.175 0.175 0.175 0.175 0.175 0.175 0.175 0.175 0.175 0.175 0.175 0.175 0.175 0.175 0.175 0.175 0.175 0.175 0.175 
SN 0.07 0.07 0.07 0.07 0.07 0.07 0.07 0.07 0.07 0.07 0.07 0.07 0.07 0.07 0.07 0.07 0.07 0.07 0.07 0.07 0.07 0.07 0.07 0.07 0.07 0.07 0.07 0.07 
VD 0.154 0.154 0.154 0.154 0.154 0.154 0.154 0.154 0.154 0.154 0.154 0.154 0.154 0.154 0.154 0.154 0.154 0.154 0.154 0.154 0.154 0.154 0.154 0.154 0.154 0.154 0.154 0.154 
VN 0.091 0.091 0.091 0.091 0.091 0.091 0.091 0.091 0.091 0.091 0.091 0.091 0.091 0.091 0.091 0.091 0.091 0.091 0.091 0.091 0.091 0.091 0.091 0.091 0.091 0.091 0.091 0.091 
HD 0.136 0.136 0.136 0.136 0.136 0.136 0.136 0.136 0.136 0.136 0.136 0.136 0.136 0.136 0.136 0.136 0.136 0.136 0.136 0.136 0.136 0.136 0.136 0.136 0.136 0.136 0.136 0.136 
HN 0.112 0.112 0.112 0.112 0.112 0.112 0.112 0.112 0.112 0.112 0.112 0.112 0.112 0.112 0.112 0.112 0.112 0.112 0.112 0.112 0.112 0.112 0.112 0.112 0.112 0.112 0.112 0.112 
WD 0.096 0.096 0.096 0.096 0.096 0.096 0.096 0.096 0.096 0.096 0.096 0.096 0.096 0.096 0.096 0.096 0.096 0.096 0.096 0.096 0.096 0.096 0.096 0.096 0.096 0.096 0.096 0.096 
WN 0.166 0.166 0.166 0.166 0.166 0.166 0.166 0.166 0.166 0.166 0.166 0.166 0.166 0.166 0.166 0.166 0.166 0.166 0.166 0.166 0.166 0.166 0.166 0.166 0.166 0.166 0.166 0.166 
;
param AnnualEmissionLimit default 999999 := 
[RE1,*,*]: 
2023 2024 2025 2026 2027 2028 2029 2030 2031 2032 2033 2034 2035 2036 2037 2038 2039 2040 2041 2042 2043 2044 2045 2046 2047 2048 2049 2050 :=
CO2_EQ 99999999 99999999 99999999 99999999 99999999 99999999 99999999 78.715 78.715 78.715 78.715 78.715 78.715 78.715 78.715 78.715 78.715 25.777 25.777 25.777 25.777 25.777 25.777 25.777 25.777 25.777 25.777 0 
;
param EmissionsPenalty default 0 := 
;
param EmissionActivityRatio default 0 := 
[RE1,MINCOAH,CO2_EQ,*,*]:
2023 2024 2025 2026 2027 2028 2029 2030 2031 2032 2033 2034 2035 2036 2037 2038 2039 2040 2041 2042 2043 2044 2045 2046 2047 2048 2049 2050 :=
1 0.095 0.095 0.095 0.095 0.095 0.095 0.095 0.095 0.095 0.095 0.095 0.095 0.095 0.095 0.095 0.095 0.095 0.095 0.095 0.095 0.095 0.095 0.095 0.095 0.095 0.095 0.095 0.095 
[RE1,MINCOALI,CO2_EQ,*,*]:
2023 2024 2025 2026 2027 2028 2029 2030 2031 2032 2033 2034 2035 2036 2037 2038 2039 2040 2041 2042 2043 2044 2045 2046 2047 2048 2049 2050 :=
1 0.111 0.111 0.111 0.111 0.111 0.111 0.111 0.111 0.111 0.111 0.111 0.111 0.111 0.111 0.111 0.111 0.111 0.111 0.111 0.111 0.111 0.111 0.111 0.111 0.111 0.111 0.111 0.111 
[RE1,MINGAS,CO2_EQ,*,*]:
2023 2024 2025 2026 2027 2028 2029 2030 2031 2032 2033 2034 2035 2036 2037 2038 2039 2040 2041 2042 2043 2044 2045 2046 2047 2048 2049 2050 :=
1 0.0562 0.0562 0.0562 0.0562 0.0562 0.0562 0.0562 0.0562 0.0562 0.0562 0.0562 0.0562 0.0562 0.0562 0.0562 0.0562 0.0562 0.0562 0.0562 0.0562 0.0562 0.0562 0.0562 0.0562 0.0562 0.0562 0.0562 0.0562 
[RE1,RSCWST,CO2_EQ,*,*]:
2023 2024 2025 2026 2027 2028 2029 2030 2031 2032 2033 2034 2035 2036 2037 2038 2039 2040 2041 2042 2043 2044 2045 2046 2047 2048 2049 2050 :=
1 0.0936 0.0936 0.0936 0.0936 0.0936 0.0936 0.0936 0.0936 0.0936 0.0936 0.0936 0.0936 0.0936 0.0936 0.0936 0.0936 0.0936 0.0936 0.0936 0.0936 0.0936 0.0936 0.0936 0.0936 0.0936 0.0936 0.0936 0.0936 
;
param EmissionToActivityChangeRatio default 0 := 
;
#
param CapitalRecoveryFactor default 0 :
MINCOAH MINCOALI MINGAS RSCHYD RSCWNDS RSCWNDO RSCSOLU RSCSOLS MINUR RSCWST RSCBIO PWRCHP PWRCOAH PWRCOALI PWRGAS PWRHYD PWRSOLU PWRSOLS PWRWNDS PWRWNDO PWRNUC PWRWST PWRBIO PWRTRN :=
RE1 0.062 0.062 0.062 0.048 0.062 0.062 0.062 0.062 0.062 0.062 0.0764 0.0503 0.0676 0.0764 0.0764 0.0522 0.0676 0.0676 0.0676 0.062 0.0503 0.0676 0.0676 0.0555
;
param PvAnnuity default 0 :
MINCOAH MINCOALI MINGAS RSCHYD RSCWNDS RSCWNDO RSCSOLU RSCSOLS MINUR RSCWST RSCBIO PWRCHP PWRCOAH PWRCOALI PWRGAS PWRHYD PWRSOLU PWRSOLS PWRWNDS PWRWNDO PWRNUC PWRWST PWRBIO PWRTRN :=
RE1 16.1411 16.1411 16.1411 20.8403 16.1411 16.1411 16.1411 16.1411 16.1411 16.1411 13.0853 19.8758 14.7986 13.0853 13.0853 19.1687 14.7986 14.7986 14.7986 16.1411 19.8758 14.7986 14.7986 18.017
;
set MODExTECHNOLOGYperFUELout[SOLU]:= (1,RSCSOLU);
set MODExTECHNOLOGYperFUELout[ELC001]:= (1,PWRBIO) (1,PWRCHP) (1,PWRCOAH) (1,PWRCOALI) (1,PWRGAS) (1,PWRHYD) (1,PWRNUC) (1,PWRSOLU) (1,PWRWNDO) (1,PWRWNDS) (1,PWRWST);
set MODExTECHNOLOGYperFUELout[ELC002]:= (1,PWRSOLS) (1,PWRTRN);
set MODExTECHNOLOGYperFUELout[COALI]:= (1,MINCOALI);
set MODExTECHNOLOGYperFUELout[COAH]:= (1,MINCOAH);
set MODExTECHNOLOGYperFUELout[GAS]:= (1,MINGAS);
set MODExTECHNOLOGYperFUELout[HYD]:= (1,RSCHYD);
set MODExTECHNOLOGYperFUELout[SOLS]:= (1,RSCSOLS);
set MODExTECHNOLOGYperFUELout[WST]:= (1,RSCWST);
set MODExTECHNOLOGYperFUELout[URA]:= (1,MINUR);
set MODExTECHNOLOGYperFUELout[BIO]:= (1,RSCBIO);
set MODExTECHNOLOGYperFUELout[WNDS]:= (1,RSCWNDS);
set MODExTECHNOLOGYperFUELout[WNDO]:= (1,RSCWNDO);
set MODExTECHNOLOGYperFUELin[SOLU]:= (1,PWRSOLU);
set MODExTECHNOLOGYperFUELin[ELC001]:= (2,PWRTRN);
set MODExTECHNOLOGYperFUELin[ELC002]:= ;
set MODExTECHNOLOGYperFUELin[COALI]:= (1,PWRCOALI);
set MODExTECHNOLOGYperFUELin[COAH]:= (1,PWRCHP) (1,PWRCOAH);
set MODExTECHNOLOGYperFUELin[GAS]:= (1,PWRGAS);
set MODExTECHNOLOGYperFUELin[HYD]:= (1,PWRHYD);
set MODExTECHNOLOGYperFUELin[SOLS]:= (2,PWRSOLS);
set MODExTECHNOLOGYperFUELin[WST]:= (1,PWRWST);
set MODExTECHNOLOGYperFUELin[URA]:= (1,PWRNUC);
set MODExTECHNOLOGYperFUELin[BIO]:= (1,PWRBIO);
set MODExTECHNOLOGYperFUELin[WNDS]:= (1,PWRWNDS);
set MODExTECHNOLOGYperFUELin[WNDO]:= (1,PWRWNDO);
set MODExTECHNOLOGYperEMISSION[CO2_EQ]:= (1,MINCOAH) (1,MINCOALI) (1,MINGAS) (1,RSCWST);
set MODExTECHNOLOGYperEMISSIONChange[CO2_EQ]:= ;
set MODExTECHNOLOGYperSTORAGEto[PHBATT]:= (2,PWRTRN);
set MODExTECHNOLOGYperSTORAGEfrom[PHBATT]:= (1,PWRTRN);
set MODEperTECHNOLOGY[MINCOAH]:= 1;
set MODEperTECHNOLOGY[MINCOALI]:= 1;
set MODEperTECHNOLOGY[MINGAS]:= 1;
set MODEperTECHNOLOGY[RSCHYD]:= 1;
set MODEperTECHNOLOGY[RSCWNDS]:= 1;
set MODEperTECHNOLOGY[RSCWNDO]:= 1;
set MODEperTECHNOLOGY[RSCSOLU]:= 1;
set MODEperTECHNOLOGY[RSCSOLS]:= 1;
set MODEperTECHNOLOGY[MINUR]:= 1;
set MODEperTECHNOLOGY[RSCWST]:= 1;
set MODEperTECHNOLOGY[RSCBIO]:= 1;
set MODEperTECHNOLOGY[PWRCHP]:= 1;
set MODEperTECHNOLOGY[PWRCOAH]:= 1;
set MODEperTECHNOLOGY[PWRCOALI]:= 1;
set MODEperTECHNOLOGY[PWRGAS]:= 1;
set MODEperTECHNOLOGY[PWRHYD]:= 1;
set MODEperTECHNOLOGY[PWRSOLU]:= 1;
set MODEperTECHNOLOGY[PWRSOLS]:= 1 2;
set MODEperTECHNOLOGY[PWRWNDS]:= 1;
set MODEperTECHNOLOGY[PWRWNDO]:= 1;
set MODEperTECHNOLOGY[PWRNUC]:= 1;
set MODEperTECHNOLOGY[PWRWST]:= 1;
set MODEperTECHNOLOGY[PWRBIO]:= 1;
set MODEperTECHNOLOGY[PWRTRN]:= 1 2;
end;
